INSTRUMENT_TYPE=SEACATPLUS
SERIALNO=0001
TCALDATE=30-Jul-19
TA0= 1.265255e-003
TA1= 2.680819e-004
TA2=-1.287393e-007
TA3= 1.406360e-007
CCALDATE=30-Jul-19
CG=-9.842180e-001
CH= 1.246029e-001
CI=-1.031960e-004
CJ= 2.248560e-005
CTCOR= 3.250000e-006
CPCOR=-9.570000e-008
PCALDATE=24-Jul-19
PA0=-4.999286e+000
PA1= 2.758517e-002
PA2= 1.851110e-009
PTCA0= 5.237994e+005
PTCA1=-1.217350e+001
PTCA2= 1.697527e-001
PTCB0= 1.012104e+002
PTCB1=-1.040417e-002
PTCB2= 0.000000e+000
PTEMPA0=-9.242055e+001
PTEMPA1= 4.228218e+001
PTEMPA2= 1.501296e+000
