inst/extdata/faroe/Faroe2.cnv
* Sea-Bird SBE 9 Raw Data File:
* FileName = C:\CTDDATA\9568D008.DAT
* Software Version 4.211
* Temperature SN = 1764
* Conductivity SN = 1535
* Number of Bytes Per Scan = 24
* Number of Voltage Words = 2
* System UpLoad Time = Nov 10 1995 14:42:03
# nquan = 6
# nvalues = 15225                                 
# units = specified
# name 0 = t090C: Temperature [ITS-90, deg C]
# name 1 = c0S/m: Conductivity [S/m]
# name 2 = prDM: Pressure, Digiquartz [db]
# name 3 = sal00: Salinity, Practical [PSU]
# name 4 = density00: Density [density, kg/m^3]
# name 5 = flag:  0.000e+00
# span 0 =    -0.4631,     8.3165                 
# span 1 =   2.887419,   3.666369                 
# span 2 =      0.688,    790.954                 
# span 3 =    34.8645,    35.1814                 
# span 4 =  1027.3115,  1031.7790                 
# span 5 = 0.0000e+00, 0.0000e+00                 
# interval = seconds: 0.0416667
# start_time = Nov 10 1995 14:42:03 [System UpLoad Time]
# bad_flag = -9.990e-29
*END*
[from data line 8120]
     5.8638   3.447835    365.027    35.0802  1029.3103  0.000e+00
     5.8588   3.447270    365.052    35.0790  1029.3102  0.000e+00
     5.8535   3.446798    365.170    35.0792  1029.3115  0.000e+00
     5.8489   3.446349    365.240    35.0788  1029.3122  0.000e+00
     5.8444   3.445961    365.293    35.0790  1029.3132  0.000e+00
     5.8401   3.445659    365.382    35.0799  1029.3149  0.000e+00
     5.8362   3.445285    365.411    35.0797  1029.3154  0.000e+00
     5.8335   3.444941    365.509    35.0786  1029.3154  0.000e+00
     5.8299   3.444700    365.562    35.0796  1029.3169  0.000e+00
     5.8273   3.444425    365.623    35.0791  1029.3171  0.000e+00
     5.8239   3.444034    365.713    35.0782  1029.3172  0.000e+00
     5.8194   3.443622    365.750    35.0782  1029.3180  0.000e+00
     5.8150   3.443157    365.831    35.0774  1029.3184  0.000e+00
     5.8081   3.442453    365.921    35.0765  1029.3190  0.000e+00
     5.7993   3.441675    365.991    35.0768  1029.3208  0.000e+00
     5.7914   3.440995    366.072    35.0773  1029.3226  0.000e+00
     5.7852   3.440408    366.133    35.0770  1029.3235  0.000e+00
     5.7792   3.439888    366.195    35.0773  1029.3248  0.000e+00
     5.7748   3.439398    366.260    35.0763  1029.3248  0.000e+00
     5.7706   3.439011    366.346    35.0762  1029.3258  0.000e+00
     5.7675   3.438746    366.403    35.0764  1029.3266  0.000e+00
     5.7643   3.438522    366.464    35.0771  1029.3279  0.000e+00
     5.7625   3.438291    366.525    35.0764  1029.3278  0.000e+00
     5.7615   3.438165    366.623    35.0759  1029.3280  0.000e+00
     5.7607   3.438070    366.676    35.0756  1029.3281  0.000e+00
     5.7603   3.438053    366.766    35.0757  1029.3287  0.000e+00
     5.7590   3.437968    366.766    35.0761  1029.3292  0.000e+00
     5.7578   3.437768    366.893    35.0751  1029.3291  0.000e+00
     5.7561   3.437578    366.946    35.0746  1029.3292  0.000e+00
     5.7555   3.437544    367.007    35.0749  1029.3298  0.000e+00
     5.7544   3.437541    367.097    35.0759  1029.3311  0.000e+00
     5.7538   3.437486    367.125    35.0758  1029.3313  0.000e+00
     5.7525   3.437337    367.223    35.0755  1029.3316  0.000e+00
     5.7519   3.437225    367.276    35.0748  1029.3314  0.000e+00
     5.7505   3.437109    367.366    35.0749  1029.3321  0.000e+00
     5.7506   3.437130    367.427    35.0750  1029.3325  0.000e+00
     5.7499   3.437126    367.489    35.0756  1029.3333  0.000e+00
     5.7501   3.437069    367.558    35.0748  1029.3329  0.000e+00
     5.7491   3.436984    367.636    35.0749  1029.3335  0.000e+00
     5.7498   3.436987    367.697    35.0741  1029.3331  0.000e+00
     5.7496   3.437008    367.787    35.0745  1029.3338  0.000e+00
     5.7493   3.437001    367.787    35.0747  1029.3340  0.000e+00
     5.7486   3.436930    367.889    35.0746  1029.3345  0.000e+00
     5.7485   3.436855    367.938    35.0738  1029.3341  0.000e+00
     5.7478   3.436746    368.060    35.0732  1029.3343  0.000e+00
     5.7470   3.436716    368.089    35.0737  1029.3349  0.000e+00
     5.7459   3.436685    368.178    35.0745  1029.3361  0.000e+00
     5.7447   3.436587    368.207    35.0746  1029.3365  0.000e+00
     5.7434   3.436407    368.309    35.0738  1029.3365  0.000e+00
     5.7426   3.436264    368.358    35.0730  1029.3362  0.000e+00
     5.7420   3.436203    368.419    35.0729  1029.3365  0.000e+00
     5.7407   3.436162    368.509    35.0738  1029.3377  0.000e+00
     5.7400   3.436074    368.570    35.0735  1029.3379  0.000e+00
     5.7389   3.435918    368.660    35.0728  1029.3379  0.000e+00
     5.7375   3.435802    368.701    35.0729  1029.3384  0.000e+00
     5.7363   3.435687    368.778    35.0728  1029.3388  0.000e+00
     5.7352   3.435626    368.868    35.0732  1029.3397  0.000e+00
     5.7339   3.435476    368.868    35.0729  1029.3396  0.000e+00
     5.7319   3.435280    368.991    35.0726  1029.3402  0.000e+00
     5.7308   3.435137    369.052    35.0721  1029.3403  0.000e+00
     5.7292   3.435045    369.109    35.0727  1029.3412  0.000e+00
     5.7275   3.434977    369.183    35.0736  1029.3425  0.000e+00
     5.7254   3.434787    369.260    35.0736  1029.3431  0.000e+00
     5.7235   3.434489    369.321    35.0722  1029.3425  0.000e+00
     5.7220   3.434281    369.383    35.0713  1029.3423  0.000e+00
     5.7209   3.434207    369.440    35.0716  1029.3430  0.000e+00
     5.7199   3.434214    369.534    35.0727  1029.3443  0.000e+00
     5.7183   3.434095    369.591    35.0730  1029.3451  0.000e+00
     5.7164   3.433877    369.652    35.0725  1029.3452  0.000e+00
     5.7149   3.433657    369.721    35.0715  1029.3449  0.000e+00
     5.7129   3.433558    369.803    35.0723  1029.3462  0.000e+00
     5.7124   3.433545    369.893    35.0726  1029.3470  0.000e+00
     5.7115   3.433450    369.921    35.0725  1029.3471  0.000e+00
     5.7105   3.433334    369.983    35.0722  1029.3473  0.000e+00
     5.7097   3.433205    370.072    35.0715  1029.3473  0.000e+00
     5.7092   3.433168    370.134    35.0716  1029.3477  0.000e+00
     5.7095   3.433273    370.195    35.0724  1029.3486  0.000e+00
     5.7095   3.433287    370.252    35.0725  1029.3489  0.000e+00
     5.7094   3.433240    370.346    35.0721  1029.3490  0.000e+00
     5.7092   3.433168    370.403    35.0714  1029.3488  0.000e+00
     5.7086   3.433087    370.444    35.0712  1029.3489  0.000e+00
     5.7077   3.433046    370.554    35.0715  1029.3497  0.000e+00
     5.7076   3.432999    370.644    35.0711  1029.3498  0.000e+00
     5.7068   3.432924    370.677    35.0710  1029.3501  0.000e+00
     5.7069   3.432866    370.766    35.0702  1029.3498  0.000e+00
     5.7048   3.432690    370.856    35.0704  1029.3506  0.000e+00
     5.7032   3.432598    370.885    35.0709  1029.3514  0.000e+00
     5.7027   3.432564    370.975    35.0710  1029.3520  0.000e+00
     5.7016   3.432435    371.007    35.0707  1029.3520  0.000e+00
     5.6996   3.432235    371.097    35.0704  1029.3524  0.000e+00
     5.6983   3.432079    371.158    35.0700  1029.3525  0.000e+00
     5.6969   3.432045    371.248    35.0710  1029.3540  0.000e+00
     5.6958   3.431987    371.305    35.0715  1029.3548  0.000e+00
     5.6964   3.431947    371.367    35.0704  1029.3541  0.000e+00
     5.6955   3.431821    371.456    35.0698  1029.3542  0.000e+00
     5.6941   3.431638    371.518    35.0691  1029.3541  0.000e+00
     5.6907   3.431312    371.607    35.0689  1029.3548  0.000e+00
     5.6852   3.430895    371.636    35.0699  1029.3564  0.000e+00
     5.6804   3.430487    371.697    35.0703  1029.3576  0.000e+00
     5.6757   3.429945    371.820    35.0689  1029.3577  0.000e+00
     5.6708   3.429415    371.861    35.0679  1029.3578  0.000e+00
     5.6658   3.428984    371.938    35.0682  1029.3590  0.000e+00
     5.6612   3.428625    371.999    35.0688  1029.3604  0.000e+00
     5.6564   3.428214    372.089    35.0691  1029.3617  0.000e+00
     5.6522   3.427689    372.150    35.0675  1029.3613  0.000e+00
     5.6474   3.427187    372.212    35.0667  1029.3616  0.000e+00
     5.6418   3.426722    372.301    35.0672  1029.3631  0.000e+00
     5.6368   3.426308    372.359    35.0675  1029.3643  0.000e+00
     5.6311   3.425827    372.420    35.0680  1029.3657  0.000e+00
     5.6260   3.425199    372.481    35.0662  1029.3653  0.000e+00
     5.6193   3.424491    372.542    35.0650  1029.3655  0.000e+00
     5.6120   3.423870    372.632    35.0655  1029.3672  0.000e+00
     5.6061   3.423440    372.661    35.0666  1029.3691  0.000e+00
     5.6028   3.423131    372.812    35.0666  1029.3701  0.000e+00
     5.6000   3.422833    372.812    35.0660  1029.3701  0.000e+00
     5.5977   3.422558    372.902    35.0652  1029.3702  0.000e+00
     5.5947   3.422351    372.963    35.0660  1029.3714  0.000e+00
     5.5930   3.422165    373.040    35.0655  1029.3717  0.000e+00
     5.5896   3.421918    373.114    35.0662  1029.3730  0.000e+00
     5.5867   3.421569    373.204    35.0652  1029.3730  0.000e+00
     5.5838   3.421236    373.265    35.0645  1029.3731  0.000e+00
     5.5825   3.421094    373.355    35.0641  1029.3734  0.000e+00
     5.5805   3.421074    373.383    35.0659  1029.3752  0.000e+00
     5.5802   3.421016    373.445    35.0656  1029.3753  0.000e+00
     5.5786   3.420854    373.534    35.0654  1029.3757  0.000e+00
     5.5766   3.420589    373.624    35.0643  1029.3756  0.000e+00
     5.5744   3.420376    373.685    35.0642  1029.3761  0.000e+00
     5.5726   3.420247    373.714    35.0646  1029.3767  0.000e+00
     5.5710   3.420142    373.804    35.0650  1029.3777  0.000e+00
     5.5695   3.420013    373.894    35.0650  1029.3783  0.000e+00
     5.5685   3.419901    373.955    35.0647  1029.3785  0.000e+00
     5.5679   3.419752    374.016    35.0637  1029.3780  0.000e+00
     5.5676   3.419769    374.106    35.0642  1029.3788  0.000e+00
     5.5661   3.419695    374.167    35.0648  1029.3798  0.000e+00
     5.5643   3.419502    374.196    35.0644  1029.3799  0.000e+00
     5.5629   3.419285    374.318    35.0634  1029.3798  0.000e+00
     5.5613   3.419132    374.375    35.0633  1029.3802  0.000e+00
     5.5598   3.419075    374.424    35.0642  1029.3813  0.000e+00
     5.5586   3.419014    374.527    35.0646  1029.3823  0.000e+00
     5.5580   3.418949    374.588    35.0645  1029.3826  0.000e+00
     5.5579   3.418841    374.649    35.0634  1029.3820  0.000e+00
     5.5570   3.418746    374.706    35.0631  1029.3822  0.000e+00
     5.5574   3.418723    374.767    35.0625  1029.3819  0.000e+00
     5.5554   3.418628    374.857    35.0634  1029.3833  0.000e+00
     5.5536   3.418489    374.918    35.0637  1029.3840  0.000e+00
     5.5506   3.418157    374.980    35.0630  1029.3842  0.000e+00
     5.5459   3.417611    375.070    35.0616  1029.3841  0.000e+00
     5.5400   3.417130    375.114    35.0622  1029.3855  0.000e+00
     5.5358   3.416771    375.249    35.0624  1029.3869  0.000e+00
     5.5318   3.416517    375.249    35.0636  1029.3884  0.000e+00
     5.5292   3.416189    375.339    35.0626  1029.3883  0.000e+00
     5.5253   3.415772    375.461    35.0618  1029.3888  0.000e+00
     5.5201   3.415247    375.490    35.0612  1029.3891  0.000e+00
     5.5120   3.414408    375.551    35.0600  1029.3895  0.000e+00
     5.4994   3.413111    375.608    35.0583  1029.3901  0.000e+00
     5.4758   3.410619    375.702    35.0543  1029.3905  0.000e+00
     5.4390   3.407050    375.776    35.0518  1029.3936  0.000e+00
     5.4036   3.403941    375.792    35.0532  1029.3994  0.000e+00
     5.3786   3.401865    375.943    35.0554  1029.4051  0.000e+00
     5.3630   3.400540    375.972    35.0564  1029.4081  0.000e+00
     5.3517   3.399628    376.033    35.0577  1029.4109  0.000e+00
     5.3439   3.398840    376.090    35.0568  1029.4114  0.000e+00
     5.3379   3.398293    376.184    35.0567  1029.4126  0.000e+00
     5.3349   3.397996    376.258    35.0564  1029.4130  0.000e+00
     5.3316   3.397769    376.331    35.0572  1029.4144  0.000e+00
     5.3290   3.397503    376.392    35.0569  1029.4148  0.000e+00
     5.3273   3.397323    376.454    35.0565  1029.4150  0.000e+00
     5.3267   3.397195    376.543    35.0556  1029.4148  0.000e+00
     5.3256   3.397117    376.572    35.0559  1029.4153  0.000e+00
     5.3247   3.397050    376.678    35.0560  1029.4159  0.000e+00
     5.3231   3.396905    376.756    35.0559  1029.4164  0.000e+00
     5.3215   3.396675    376.813    35.0549  1029.4161  0.000e+00
     5.3199   3.396439    376.846    35.0539  1029.4157  0.000e+00
     5.3189   3.396314    376.964    35.0534  1029.4160  0.000e+00
     5.3170   3.396239    377.025    35.0545  1029.4174  0.000e+00
     5.3162   3.396155    377.070    35.0544  1029.4176  0.000e+00
     5.3159   3.396101    377.176    35.0541  1029.4179  0.000e+00
     5.3157   3.396003    377.238    35.0531  1029.4174  0.000e+00
     5.3154   3.395979    377.295    35.0531  1029.4177  0.000e+00
     5.3151   3.395993    377.385    35.0536  1029.4185  0.000e+00
     5.3147   3.395929    377.462    35.0531  1029.4186  0.000e+00
     5.3139   3.395817    377.536    35.0527  1029.4187  0.000e+00
     5.3129   3.395696    377.568    35.0523  1029.4186  0.000e+00
     5.3120   3.395598    377.658    35.0521  1029.4190  0.000e+00
     5.3099   3.395442    377.719    35.0525  1029.4199  0.000e+00
     5.3087   3.395280    377.793    35.0518  1029.4198  0.000e+00
     5.3076   3.395176    377.866    35.0517  1029.4202  0.000e+00
     5.3068   3.395061    377.960    35.0512  1029.4203  0.000e+00
     5.3060   3.395003    378.018    35.0513  1029.4208  0.000e+00
     5.3055   3.395037    378.091    35.0522  1029.4219  0.000e+00
     5.3044   3.394970    378.140    35.0526  1029.4226  0.000e+00
     5.3035   3.394787    378.230    35.0513  1029.4221  0.000e+00
     5.3029   3.394656    378.291    35.0504  1029.4218  0.000e+00
     5.3018   3.394544    378.381    35.0503  1029.4222  0.000e+00
     5.3006   3.394521    378.422    35.0512  1029.4232  0.000e+00
     5.2993   3.394460    378.532    35.0518  1029.4244  0.000e+00
     5.2976   3.394203    378.561    35.0507  1029.4239  0.000e+00
     5.2946   3.393825    378.683    35.0493  1029.4238  0.000e+00
     5.2906   3.393464    378.695    35.0494  1029.4244  0.000e+00
     5.2861   3.393001    378.802    35.0487  1029.4250  0.000e+00
     5.2809   3.392579    378.891    35.0492  1029.4264  0.000e+00
     5.2770   3.392218    378.953    35.0491  1029.4271  0.000e+00
     5.2741   3.391954    378.993    35.0491  1029.4277  0.000e+00
     5.2715   3.391695    379.071    35.0488  1029.4281  0.000e+00
     5.2691   3.391472    379.161    35.0487  1029.4288  0.000e+00
     5.2660   3.391256    379.206    35.0494  1029.4299  0.000e+00
     5.2641   3.391063    379.312    35.0492  1029.4305  0.000e+00
     5.2628   3.390861    379.345    35.0482  1029.4300  0.000e+00
     5.2609   3.390689    379.434    35.0482  1029.4307  0.000e+00
     5.2599   3.390608    379.508    35.0482  1029.4312  0.000e+00
     5.2589   3.390594    379.586    35.0490  1029.4323  0.000e+00
     5.2579   3.390473    379.643    35.0486  1029.4324  0.000e+00
     5.2565   3.390277    379.737    35.0479  1029.4324  0.000e+00
     5.2549   3.390088    379.777    35.0474  1029.4324  0.000e+00
     5.2536   3.390000    379.855    35.0477  1029.4331  0.000e+00
     5.2523   3.389923    379.884    35.0481  1029.4338  0.000e+00
     5.2508   3.389784    380.047    35.0480  1029.4346  0.000e+00
     5.2497   3.389626    380.096    35.0473  1029.4344  0.000e+00
     5.2482   3.389467    380.157    35.0470  1029.4347  0.000e+00
     5.2468   3.389315    380.198    35.0467  1029.4348  0.000e+00
     5.2442   3.389133    380.308    35.0473  1029.4361  0.000e+00
     5.2401   3.388688    380.365    35.0463  1029.4361  0.000e+00
     5.2330   3.387915    380.500    35.0448  1029.4365  0.000e+00
     5.2225   3.386889    380.578    35.0439  1029.4375  0.000e+00
     5.2114   3.385843    380.578    35.0435  1029.4386  0.000e+00
     5.2003   3.384869    380.709    35.0439  1029.4409  0.000e+00
     5.1894   3.383877    380.758    35.0438  1029.4425  0.000e+00
     5.1789   3.382754    380.790    35.0418  1029.4424  0.000e+00
     5.1687   3.381847    380.921    35.0420  1029.4444  0.000e+00
     5.1604   3.381085    380.970    35.0418  1029.4456  0.000e+00
     5.1533   3.380606    380.998    35.0438  1029.4481  0.000e+00
     5.1489   3.380229    381.101    35.0439  1029.4493  0.000e+00
     5.1452   3.379794    381.150    35.0428  1029.4491  0.000e+00
     5.1418   3.379427    381.182    35.0421  1029.4491  0.000e+00
     5.1388   3.379147    381.252    35.0420  1029.4498  0.000e+00
     5.1357   3.378857    381.329    35.0418  1029.4504  0.000e+00
     5.1320   3.378510    381.390    35.0417  1029.4510  0.000e+00
     5.1279   3.378102    381.464    35.0412  1029.4515  0.000e+00
