inst/extdata/faroe/Faroe2.cnv
* Sea-Bird SBE 9 Raw Data File:
* FileName = C:\CTDDATA\9568D008.DAT
* Software Version 4.211
* Temperature SN = 1764
* Conductivity SN = 1535
* Number of Bytes Per Scan = 24
* Number of Voltage Words = 2
* System UpLoad Time = Nov 10 1995 14:42:03
# nquan = 6
# nvalues = 15225                                 
# units = specified
# name 0 = t090C: Temperature [ITS-90, deg C]
# name 1 = c0S/m: Conductivity [S/m]
# name 2 = prDM: Pressure, Digiquartz [db]
# name 3 = sal00: Salinity, Practical [PSU]
# name 4 = density00: Density [density, kg/m^3]
# name 5 = flag:  0.000e+00
# span 0 =    -0.4631,     8.3165                 
# span 1 =   2.887419,   3.666369                 
# span 2 =      0.688,    790.954                 
# span 3 =    34.8645,    35.1814                 
# span 4 =  1027.3115,  1031.7790                 
# span 5 = 0.0000e+00, 0.0000e+00                 
# interval = seconds: 0.0416667
# start_time = Nov 10 1995 14:42:03 [System UpLoad Time]
# bad_flag = -9.990e-29
*END*
[from data line 14090]
    -0.4606   2.888230    726.849    34.8797  1031.4780  0.000e+00
    -0.4607   2.888224    726.882    34.8798  1031.4782  0.000e+00
    -0.4607   2.888256    726.882    34.8802  1031.4786  0.000e+00
    -0.4606   2.888240    726.973    34.8798  1031.4786  0.000e+00
    -0.4604   2.888227    727.006    34.8794  1031.4785  0.000e+00
    -0.4609   2.888240    727.072    34.8800  1031.4794  0.000e+00
    -0.4610   2.888246    727.097    34.8803  1031.4797  0.000e+00
    -0.4603   2.888281    727.126    34.8799  1031.4794  0.000e+00
    -0.4607   2.888275    727.188    34.8803  1031.4801  0.000e+00
    -0.4607   2.888253    727.221    34.8799  1031.4800  0.000e+00
    -0.4607   2.888262    727.250    34.8801  1031.4802  0.000e+00
    -0.4609   2.888259    727.312    34.8802  1031.4806  0.000e+00
    -0.4607   2.888265    727.345    34.8800  1031.4806  0.000e+00
    -0.4606   2.888268    727.402    34.8799  1031.4808  0.000e+00
    -0.4609   2.888268    727.435    34.8802  1031.4812  0.000e+00
    -0.4606   2.888237    727.497    34.8794  1031.4808  0.000e+00
    -0.4603   2.888275    727.526    34.8795  1031.4810  0.000e+00
    -0.4606   2.888309    727.588    34.8803  1031.4820  0.000e+00
    -0.4603   2.888331    727.588    34.8803  1031.4819  0.000e+00
    -0.4600   2.888328    727.679    34.8798  1031.4820  0.000e+00
    -0.4601   2.888303    727.749    34.8796  1031.4821  0.000e+00
    -0.4600   2.888309    727.774    34.8795  1031.4822  0.000e+00
    -0.4597   2.888331    727.836    34.8794  1031.4824  0.000e+00
    -0.4603   2.888322    727.865    34.8800  1031.4830  0.000e+00
    -0.4595   2.888331    727.898    34.8792  1031.4825  0.000e+00
    -0.4601   2.888306    727.927    34.8795  1031.4829  0.000e+00
    -0.4600   2.888309    727.989    34.8794  1031.4831  0.000e+00
    -0.4597   2.888353    728.051    34.8796  1031.4835  0.000e+00
    -0.4601   2.888378    728.080    34.8804  1031.4843  0.000e+00
    -0.4603   2.888334    728.113    34.8800  1031.4842  0.000e+00
    -0.4598   2.888316    728.204    34.8792  1031.4839  0.000e+00
    -0.4598   2.888350    728.208    34.8796  1031.4843  0.000e+00
    -0.4597   2.888363    728.295    34.8796  1031.4846  0.000e+00
    -0.4598   2.888379    728.295    34.8799  1031.4849  0.000e+00
    -0.4600   2.888385    728.328    34.8802  1031.4853  0.000e+00
    -0.4597   2.888375    728.390    34.8797  1031.4852  0.000e+00
    -0.4600   2.888366    728.452    34.8799  1031.4856  0.000e+00
    -0.4597   2.888413    728.481    34.8801  1031.4860  0.000e+00
    -0.4598   2.888413    728.571    34.8802  1031.4865  0.000e+00
    -0.4600   2.888391    728.605    34.8801  1031.4865  0.000e+00
    -0.4597   2.888385    728.638    34.8796  1031.4863  0.000e+00
    -0.4595   2.888369    728.695    34.8792  1031.4862  0.000e+00
    -0.4595   2.888382    728.728    34.8794  1031.4865  0.000e+00
    -0.4600   2.888420    728.757    34.8804  1031.4875  0.000e+00
    -0.4597   2.888413    728.819    34.8799  1031.4874  0.000e+00
    -0.4598   2.888407    728.848    34.8800  1031.4876  0.000e+00
    -0.4597   2.888407    728.943    34.8798  1031.4878  0.000e+00
    -0.4600   2.888426    728.943    34.8804  1031.4884  0.000e+00
    -0.4600   2.888432    729.009    34.8804  1031.4887  0.000e+00
    -0.4597   2.888398    729.067    34.8796  1031.4883  0.000e+00
    -0.4600   2.888407    729.125    34.8800  1031.4889  0.000e+00
    -0.4597   2.888410    729.125    34.8797  1031.4886  0.000e+00
    -0.4598   2.888426    729.220    34.8800  1031.4894  0.000e+00
    -0.4598   2.888464    729.282    34.8805  1031.4900  0.000e+00
    -0.4600   2.888476    729.344    34.8808  1031.4906  0.000e+00
    -0.4595   2.888426    729.344    34.8796  1031.4896  0.000e+00
    -0.4598   2.888407    729.406    34.8797  1031.4900  0.000e+00
    -0.4597   2.888398    729.464    34.8793  1031.4899  0.000e+00
    -0.4600   2.888454    729.559    34.8804  1031.4913  0.000e+00
    -0.4597   2.888476    729.588    34.8803  1031.4913  0.000e+00
    -0.4595   2.888461    729.588    34.8799  1031.4910  0.000e+00
    -0.4597   2.888439    729.683    34.8797  1031.4913  0.000e+00
    -0.4597   2.888448    729.778    34.8798  1031.4918  0.000e+00
    -0.4598   2.888454    729.774    34.8801  1031.4920  0.000e+00
    -0.4592   2.888476    729.865    34.8796  1031.4920  0.000e+00
    -0.4595   2.888480    729.926    34.8800  1031.4926  0.000e+00
    -0.4593   2.888445    729.988    34.8793  1031.4924  0.000e+00
    -0.4601   2.888414    730.050    34.8797  1031.4931  0.000e+00
    -0.4593   2.888458    730.083    34.8794  1031.4929  0.000e+00
    -0.4593   2.888461    730.141    34.8794  1031.4932  0.000e+00
    -0.4590   2.888470    730.203    34.8791  1031.4932  0.000e+00
    -0.4593   2.888495    730.265    34.8798  1031.4941  0.000e+00
    -0.4597   2.888473    730.294    34.8798  1031.4943  0.000e+00
    -0.4593   2.888524    730.389    34.8801  1031.4949  0.000e+00
    -0.4598   2.888530    730.484    34.8807  1031.4958  0.000e+00
    -0.4597   2.888473    730.480    34.8797  1031.4951  0.000e+00
    -0.4592   2.888470    730.571    34.8791  1031.4949  0.000e+00
    -0.4593   2.888495    730.633    34.8796  1031.4956  0.000e+00
    -0.4598   2.888502    730.695    34.8802  1031.4964  0.000e+00
    -0.4593   2.888492    730.761    34.8795  1031.4961  0.000e+00
    -0.4598   2.888495    730.819    34.8800  1031.4969  0.000e+00
    -0.4600   2.888467    730.881    34.8798  1031.4970  0.000e+00
    -0.4600   2.888489    730.943    34.8800  1031.4975  0.000e+00
    -0.4598   2.888483    731.034    34.8797  1031.4976  0.000e+00
    -0.4595   2.888511    731.067    34.8797  1031.4978  0.000e+00
    -0.4597   2.888489    731.158    34.8795  1031.4981  0.000e+00
    -0.4600   2.888483    731.220    34.8798  1031.4986  0.000e+00
    -0.4598   2.888464    731.249    34.8793  1031.4984  0.000e+00
    -0.4598   2.888505    731.344    34.8798  1031.4992  0.000e+00
    -0.4597   2.888558    731.372    34.8803  1031.4997  0.000e+00
    -0.4597   2.888537    731.463    34.8800  1031.4999  0.000e+00
    -0.4600   2.888524    731.463    34.8802  1031.5001  0.000e+00
    -0.4600   2.888508    731.649    34.8799  1031.5007  0.000e+00
    -0.4598   2.888540    731.682    34.8801  1031.5010  0.000e+00
    -0.4597   2.888549    731.711    34.8800  1031.5011  0.000e+00
    -0.4598   2.888565    731.835    34.8803  1031.5019  0.000e+00
    -0.4595   2.888521    731.864    34.8794  1031.5013  0.000e+00
    -0.4595   2.888502    731.897    34.8791  1031.5012  0.000e+00
    -0.4593   2.888552    732.021    34.8795  1031.5021  0.000e+00
    -0.4593   2.888603    732.079    34.8802  1031.5029  0.000e+00
    -0.4595   2.888615    732.141    34.8805  1031.5034  0.000e+00
    -0.4592   2.888606    732.207    34.8799  1031.5033  0.000e+00
    -0.4597   2.888596    732.265    34.8803  1031.5039  0.000e+00
    -0.4595   2.888559    732.327    34.8796  1031.5036  0.000e+00
    -0.4593   2.888596    732.418    34.8799  1031.5043  0.000e+00
    -0.4592   2.888615    732.451    34.8799  1031.5044  0.000e+00
    -0.4595   2.888600    732.542    34.8800  1031.5050  0.000e+00
    -0.4590   2.888559    732.575    34.8789  1031.5042  0.000e+00
    -0.4595   2.888568    732.699    34.8795  1031.5053  0.000e+00
    -0.4595   2.888625    732.757    34.8802  1031.5061  0.000e+00
    -0.4592   2.888641    732.819    34.8801  1031.5063  0.000e+00
    -0.4598   2.888606    732.880    34.8803  1031.5068  0.000e+00
    -0.4597   2.888593    732.942    34.8799  1031.5067  0.000e+00
    -0.4600   2.888559    733.004    34.8797  1031.5069  0.000e+00
    -0.4600   2.888581    733.066    34.8800  1031.5074  0.000e+00
    -0.4598   2.888597    733.157    34.8800  1031.5078  0.000e+00
    -0.4597   2.888609    733.219    34.8799  1031.5081  0.000e+00
    -0.4597   2.888565    733.281    34.8793  1031.5079  0.000e+00
    -0.4595   2.888616    733.405    34.8797  1031.5088  0.000e+00
    -0.4600   2.888656    733.405    34.8808  1031.5097  0.000e+00
    -0.4597   2.888678    733.496    34.8807  1031.5100  0.000e+00
    -0.4593   2.888675    733.587    34.8802  1031.5100  0.000e+00
    -0.4597   2.888650    733.620    34.8802  1031.5102  0.000e+00
    -0.4593   2.888622    733.744    34.8794  1031.5101  0.000e+00
    -0.4595   2.888635    733.773    34.8798  1031.5105  0.000e+00
    -0.4600   2.888672    733.868    34.8807  1031.5118  0.000e+00
    -0.4600   2.888653    733.897    34.8805  1031.5117  0.000e+00
    -0.4593   2.888641    734.021    34.8795  1031.5115  0.000e+00
    -0.4589   2.888660    734.021    34.8792  1031.5113  0.000e+00
    -0.4592   2.888666    734.141    34.8796  1031.5121  0.000e+00
    -0.4590   2.888647    734.203    34.8791  1031.5120  0.000e+00
    -0.4595   2.888657    734.236    34.8798  1031.5127  0.000e+00
    -0.4593   2.888647    734.360    34.8794  1031.5130  0.000e+00
    -0.4593   2.888657    734.389    34.8795  1031.5132  0.000e+00
    -0.4593   2.888679    734.479    34.8798  1031.5139  0.000e+00
    -0.4590   2.888707    734.513    34.8798  1031.5140  0.000e+00
    -0.4589   2.888726    734.637    34.8798  1031.5146  0.000e+00
    -0.4595   2.888698    734.665    34.8801  1031.5150  0.000e+00
    -0.4592   2.888685    734.756    34.8795  1031.5149  0.000e+00
    -0.4590   2.888704    734.818    34.8795  1031.5153  0.000e+00
    -0.4593   2.888726    734.913    34.8801  1031.5162  0.000e+00
    -0.4597   2.888732    734.942    34.8805  1031.5167  0.000e+00
    -0.4598   2.888723    735.033    34.8805  1031.5171  0.000e+00
    -0.4593   2.888679    735.095    34.8794  1031.5165  0.000e+00
    -0.4597   2.888663    735.157    34.8795  1031.5169  0.000e+00
    -0.4597   2.888679    735.219    34.8797  1031.5173  0.000e+00
    -0.4597   2.888685    735.343    34.8797  1031.5179  0.000e+00
    -0.4600   2.888670    735.372    34.8798  1031.5181  0.000e+00
    -0.4600   2.888648    735.405    34.8795  1031.5180  0.000e+00
    -0.4597   2.888679    735.529    34.8795  1031.5186  0.000e+00
    -0.4597   2.888720    735.587    34.8800  1031.5193  0.000e+00
    -0.4597   2.888717    735.649    34.8799  1031.5195  0.000e+00
    -0.4598   2.888710    735.744    34.8800  1031.5200  0.000e+00
    -0.4601   2.888710    735.773    34.8803  1031.5204  0.000e+00
    -0.4595   2.888726    735.868    34.8797  1031.5204  0.000e+00
    -0.4598   2.888736    735.897    34.8802  1031.5209  0.000e+00
    -0.4597   2.888748    735.988    34.8801  1031.5213  0.000e+00
    -0.4600   2.888723    736.083    34.8801  1031.5217  0.000e+00
    -0.4597   2.888692    736.141    34.8793  1031.5213  0.000e+00
    -0.4597   2.888720    736.207    34.8796  1031.5219  0.000e+00
    -0.4600   2.888748    736.265    34.8803  1031.5228  0.000e+00
    -0.4597   2.888755    736.327    34.8800  1031.5228  0.000e+00
    -0.4601   2.888745    736.451    34.8804  1031.5237  0.000e+00
    -0.4598   2.888701    736.479    34.8794  1031.5230  0.000e+00
    -0.4603   2.888720    736.513    34.8802  1031.5238  0.000e+00
    -0.4601   2.888733    736.636    34.8801  1031.5243  0.000e+00
    -0.4598   2.888748    736.665    34.8799  1031.5243  0.000e+00
    -0.4598   2.888774    736.756    34.8802  1031.5249  0.000e+00
    -0.4598   2.888730    736.822    34.8796  1031.5248  0.000e+00
    -0.4597   2.888748    736.851    34.8796  1031.5249  0.000e+00
    -0.4600   2.888742    736.975    34.8798  1031.5257  0.000e+00
    -0.4601   2.888717    737.037    34.8796  1031.5258  0.000e+00
    -0.4600   2.888711    737.095    34.8793  1031.5259  0.000e+00
    -0.4604   2.888711    737.190    34.8798  1031.5267  0.000e+00
    -0.4604   2.888692    737.190    34.8796  1031.5265  0.000e+00
    -0.4601   2.888708    737.343    34.8793  1031.5270  0.000e+00
    -0.4603   2.888764    737.372    34.8802  1031.5279  0.000e+00
    -0.4601   2.888780    737.467    34.8802  1031.5283  0.000e+00
    -0.4601   2.888796    737.467    34.8804  1031.5285  0.000e+00
    -0.4592   2.888786    737.591    34.8792  1031.5280  0.000e+00
    -0.4595   2.888780    737.649    34.8794  1031.5285  0.000e+00
    -0.4595   2.888780    737.682    34.8794  1031.5286  0.000e+00
    -0.4603   2.888768    737.777    34.8800  1031.5297  0.000e+00
    -0.4600   2.888742    737.897    34.8793  1031.5296  0.000e+00
    -0.4601   2.888733    737.897    34.8793  1031.5296  0.000e+00
    -0.4606   2.888749    738.021    34.8800  1031.5308  0.000e+00
    -0.4601   2.888790    738.054    34.8800  1031.5309  0.000e+00
    -0.4603   2.888802    738.141    34.8803  1031.5316  0.000e+00
    -0.4600   2.888768    738.207    34.8794  1031.5312  0.000e+00
    -0.4603   2.888708    738.298    34.8789  1031.5312  0.000e+00
    -0.4603   2.888721    738.331    34.8791  1031.5315  0.000e+00
    -0.4603   2.888783    738.418    34.8799  1031.5325  0.000e+00
    -0.4601   2.888787    738.484    34.8797  1031.5327  0.000e+00
    -0.4601   2.888796    738.542    34.8798  1031.5330  0.000e+00
    -0.4598   2.888768    738.608    34.8790  1031.5327  0.000e+00
    -0.4600   2.888793    738.694    34.8795  1031.5335  0.000e+00
    -0.4601   2.888837    738.761    34.8802  1031.5344  0.000e+00
    -0.4609   2.888865    738.851    34.8814  1031.5359  0.000e+00
    -0.4604   2.888837    738.823    34.8805  1031.5350  0.000e+00
    -0.4601   2.888824    739.033    34.8799  1031.5354  0.000e+00
    -0.4603   2.888824    739.033    34.8801  1031.5356  0.000e+00
    -0.4601   2.888859    739.099    34.8803  1031.5361  0.000e+00
    -0.4603   2.888843    739.128    34.8803  1031.5362  0.000e+00
    -0.4598   2.888793    739.285    34.8790  1031.5358  0.000e+00
    -0.4606   2.888746    739.281    34.8792  1031.5361  0.000e+00
    -0.4604   2.888784    739.405    34.8795  1031.5369  0.000e+00
    -0.4606   2.888818    739.467    34.8801  1031.5376  0.000e+00
    -0.4603   2.888843    739.500    34.8800  1031.5377  0.000e+00
    -0.4606   2.888850    739.587    34.8804  1031.5385  0.000e+00
    -0.4607   2.888834    739.653    34.8803  1031.5388  0.000e+00
    -0.4604   2.888809    739.744    34.8796  1031.5386  0.000e+00
    -0.4603   2.888837    739.773    34.8798  1031.5388  0.000e+00
    -0.4607   2.888850    739.868    34.8804  1031.5398  0.000e+00
    -0.4604   2.888866    739.926    34.8803  1031.5399  0.000e+00
    -0.4612   2.888844    739.992    34.8808  1031.5407  0.000e+00
    -0.4603   2.888844    740.050    34.8797  1031.5401  0.000e+00
    -0.4609   2.888850    740.178    34.8804  1031.5413  0.000e+00
    -0.4606   2.888866    740.203    34.8803  1031.5413  0.000e+00
    -0.4606   2.888837    740.269    34.8799  1031.5412  0.000e+00
    -0.4610   2.888793    740.327    34.8798  1031.5415  0.000e+00
    -0.4615   2.888762    740.451    34.8798  1031.5421  0.000e+00
    -0.4612   2.888778    740.484    34.8797  1031.5421  0.000e+00
    -0.4609   2.888784    740.542    34.8793  1031.5421  0.000e+00
    -0.4610   2.888781    740.637    34.8794  1031.5426  0.000e+00
    -0.4614   2.888781    740.695    34.8798  1031.5432  0.000e+00
    -0.4615   2.888781    740.757    34.8799  1031.5436  0.000e+00
    -0.4610   2.888831    740.823    34.8800  1031.5440  0.000e+00
    -0.4614   2.888838    740.910    34.8804  1031.5447  0.000e+00
    -0.4615   2.888828    740.976    34.8804  1031.5451  0.000e+00
    -0.4612   2.888794    741.096    34.8795  1031.5449  0.000e+00
    -0.4617   2.888797    741.129    34.8801  1031.5455  0.000e+00
    -0.4614   2.888819    741.195    34.8800  1031.5457  0.000e+00
    -0.4610   2.888844    741.282    34.8799  1031.5460  0.000e+00
    -0.4610   2.888866    741.315    34.8801  1031.5464  0.000e+00
    -0.4604   2.888860    741.405    34.8793  1031.5461  0.000e+00
    -0.4606   2.888853    741.434    34.8794  1031.5463  0.000e+00
    -0.4603   2.888866    741.501    34.8792  1031.5464  0.000e+00
    -0.4603   2.888923    741.587    34.8799  1031.5474  0.000e+00
