inst/extdata/faroe/Faroe2.cnv
* Sea-Bird SBE 9 Raw Data File:
* FileName = C:\CTDDATA\9568D008.DAT
* Software Version 4.211
* Temperature SN = 1764
* Conductivity SN = 1535
* Number of Bytes Per Scan = 24
* Number of Voltage Words = 2
* System UpLoad Time = Nov 10 1995 14:42:03
# nquan = 6
# nvalues = 15225                                 
# units = specified
# name 0 = t090C: Temperature [ITS-90, deg C]
# name 1 = c0S/m: Conductivity [S/m]
# name 2 = prDM: Pressure, Digiquartz [db]
# name 3 = sal00: Salinity, Practical [PSU]
# name 4 = density00: Density [density, kg/m^3]
# name 5 = flag:  0.000e+00
# span 0 =    -0.4631,     8.3165                 
# span 1 =   2.887419,   3.666369                 
# span 2 =      0.688,    790.954                 
# span 3 =    34.8645,    35.1814                 
# span 4 =  1027.3115,  1031.7790                 
# span 5 = 0.0000e+00, 0.0000e+00                 
# interval = seconds: 0.0416667
# start_time = Nov 10 1995 14:42:03 [System UpLoad Time]
# bad_flag = -9.990e-29
*END*
[from data line 6926]
     7.1337   3.567983    290.620    35.1532  1028.8485  0.000e+00
     7.1330   3.567876    290.677    35.1527  1028.8484  0.000e+00
     7.1329   3.567900    290.709    35.1531  1028.8489  0.000e+00
     7.1324   3.567942    290.782    35.1540  1028.8500  0.000e+00
     7.1319   3.567897    290.860    35.1540  1028.8504  0.000e+00
     7.1319   3.567869    290.860    35.1537  1028.8502  0.000e+00
     7.1319   3.567824    290.917    35.1531  1028.8500  0.000e+00
     7.1314   3.567817    290.990    35.1535  1028.8507  0.000e+00
     7.1308   3.567852    291.006    35.1546  1028.8517  0.000e+00
     7.1309   3.567804    291.128    35.1538  1028.8517  0.000e+00
     7.1301   3.567686    291.096    35.1534  1028.8513  0.000e+00
     7.1296   3.567624    291.169    35.1532  1028.8515  0.000e+00
     7.1296   3.567614    291.218    35.1530  1028.8517  0.000e+00
     7.1290   3.567641    291.275    35.1539  1028.8527  0.000e+00
     7.1290   3.567662    291.336    35.1541  1028.8532  0.000e+00
     7.1285   3.567586    291.381    35.1538  1028.8532  0.000e+00
     7.1285   3.567465    291.397    35.1525  1028.8522  0.000e+00
     7.1278   3.567382    291.458    35.1522  1028.8524  0.000e+00
     7.1268   3.567393    291.515    35.1533  1028.8536  0.000e+00
     7.1267   3.567413    291.560    35.1536  1028.8541  0.000e+00
     7.1262   3.567400    291.605    35.1540  1028.8547  0.000e+00
     7.1262   3.567300    291.666    35.1528  1028.8541  0.000e+00
     7.1257   3.567275    291.727    35.1530  1028.8546  0.000e+00
     7.1254   3.567241    291.755    35.1530  1028.8547  0.000e+00
     7.1254   3.567234    291.829    35.1529  1028.8549  0.000e+00
     7.1245   3.567168    291.878    35.1530  1028.8554  0.000e+00
     7.1239   3.567082    291.906    35.1527  1028.8554  0.000e+00
     7.1239   3.567047    291.996    35.1522  1028.8554  0.000e+00
     7.1232   3.567037    292.008    35.1528  1028.8560  0.000e+00
     7.1229   3.567054    292.114    35.1533  1028.8569  0.000e+00
     7.1229   3.566985    292.146    35.1525  1028.8565  0.000e+00
     7.1221   3.566934    292.236    35.1527  1028.8571  0.000e+00
     7.1223   3.566889    292.264    35.1520  1028.8567  0.000e+00
     7.1221   3.566930    292.309    35.1526  1028.8574  0.000e+00
     7.1216   3.566992    292.387    35.1538  1028.8588  0.000e+00
     7.1218   3.566951    292.444    35.1531  1028.8585  0.000e+00
     7.1219   3.566906    292.505    35.1524  1028.8582  0.000e+00
     7.1219   3.566875    292.566    35.1521  1028.8582  0.000e+00
     7.1219   3.566913    292.610    35.1524  1028.8587  0.000e+00
     7.1221   3.566986    292.655    35.1531  1028.8593  0.000e+00
     7.1219   3.566972    292.712    35.1530  1028.8596  0.000e+00
     7.1218   3.566934    292.802    35.1528  1028.8598  0.000e+00
     7.1216   3.566841    292.834    35.1519  1028.8593  0.000e+00
     7.1206   3.566778    292.895    35.1522  1028.8600  0.000e+00
     7.1200   3.566675    292.969    35.1517  1028.8600  0.000e+00
     7.1178   3.566526    293.075    35.1521  1028.8612  0.000e+00
     7.1169   3.566399    293.103    35.1517  1028.8611  0.000e+00
     7.1159   3.566285    293.164    35.1514  1028.8613  0.000e+00
     7.1149   3.566260    293.221    35.1522  1028.8623  0.000e+00
     7.1146   3.566361    293.311    35.1535  1028.8638  0.000e+00
     7.1150   3.566399    293.360    35.1534  1028.8639  0.000e+00
     7.1154   3.566399    293.433    35.1531  1028.8639  0.000e+00
     7.1151   3.566292    293.494    35.1522  1028.8635  0.000e+00
     7.1146   3.566261    293.551    35.1523  1028.8640  0.000e+00
     7.1142   3.566278    293.641    35.1528  1028.8648  0.000e+00
     7.1142   3.566371    293.702    35.1538  1028.8658  0.000e+00
     7.1152   3.566357    293.763    35.1526  1028.8650  0.000e+00
     7.1147   3.566278    293.836    35.1522  1028.8651  0.000e+00
     7.1142   3.566202    293.881    35.1518  1028.8651  0.000e+00
     7.1139   3.566237    294.003    35.1525  1028.8662  0.000e+00
     7.1142   3.566261    294.031    35.1524  1028.8663  0.000e+00
     7.1142   3.566261    294.093    35.1524  1028.8665  0.000e+00
     7.1136   3.566071    294.182    35.1509  1028.8659  0.000e+00
     7.1109   3.565784    294.211    35.1504  1028.8660  0.000e+00
     7.1082   3.565643    294.255    35.1517  1028.8676  0.000e+00
     7.1065   3.565543    294.451    35.1522  1028.8691  0.000e+00
     7.1054   3.565429    294.422    35.1521  1028.8691  0.000e+00
     7.1051   3.565256    294.512    35.1505  1028.8683  0.000e+00
     7.1039   3.565208    294.569    35.1511  1028.8692  0.000e+00
     7.1039   3.565204    294.630    35.1510  1028.8694  0.000e+00
     7.1026   3.565187    294.720    35.1521  1028.8709  0.000e+00
     7.1023   3.565135    294.781    35.1518  1028.8710  0.000e+00
     7.1019   3.565063    294.870    35.1514  1028.8711  0.000e+00
     7.1020   3.565001    294.899    35.1506  1028.8706  0.000e+00
     7.1012   3.564966    295.005    35.1510  1028.8715  0.000e+00
     7.1010   3.565018    295.021    35.1518  1028.8722  0.000e+00
     7.1011   3.565001    295.111    35.1514  1028.8723  0.000e+00
     7.1007   3.564925    295.168    35.1510  1028.8723  0.000e+00
     7.0999   3.564883    295.257    35.1513  1028.8731  0.000e+00
     7.1002   3.564894    295.347    35.1511  1028.8733  0.000e+00
     7.0996   3.564921    295.379    35.1519  1028.8742  0.000e+00
     7.0992   3.564890    295.497    35.1520  1028.8748  0.000e+00
     7.0992   3.564814    295.530    35.1511  1028.8743  0.000e+00
     7.0992   3.564773    295.620    35.1506  1028.8743  0.000e+00
     7.0986   3.564783    295.677    35.1513  1028.8751  0.000e+00
     7.0985   3.564794    295.709    35.1514  1028.8755  0.000e+00
     7.0979   3.564769    295.766    35.1518  1028.8761  0.000e+00
     7.0973   3.564659    295.843    35.1511  1028.8760  0.000e+00
     7.0969   3.564583    295.949    35.1507  1028.8762  0.000e+00
     7.0958   3.564486    296.039    35.1508  1028.8768  0.000e+00
     7.0944   3.564335    296.067    35.1504  1028.8769  0.000e+00
     7.0919   3.564210    296.186    35.1515  1028.8787  0.000e+00
     7.0909   3.564017    296.247    35.1505  1028.8783  0.000e+00
     7.0895   3.563855    296.275    35.1500  1028.8782  0.000e+00
     7.0888   3.563758    296.369    35.1497  1028.8785  0.000e+00
     7.0878   3.563696    296.458    35.1500  1028.8793  0.000e+00
     7.0863   3.563641    296.487    35.1509  1028.8804  0.000e+00
     7.0849   3.563461    296.548    35.1503  1028.8804  0.000e+00
     7.0837   3.563282    296.666    35.1495  1028.8805  0.000e+00
     7.0823   3.563195    296.695    35.1500  1028.8812  0.000e+00
     7.0809   3.563120    296.784    35.1505  1028.8822  0.000e+00
     7.0794   3.563037    296.878    35.1510  1028.8833  0.000e+00
     7.0775   3.562830    296.935    35.1507  1028.8836  0.000e+00
     7.0755   3.562560    296.996    35.1497  1028.8834  0.000e+00
     7.0732   3.562346    297.024    35.1497  1028.8838  0.000e+00
     7.0709   3.562129    297.147    35.1496  1028.8846  0.000e+00
     7.0683   3.561932    297.204    35.1500  1028.8856  0.000e+00
     7.0670   3.561798    297.265    35.1499  1028.8859  0.000e+00
     7.0660   3.561711    297.326    35.1499  1028.8864  0.000e+00
     7.0657   3.561625    297.444    35.1492  1028.8864  0.000e+00
     7.0654   3.561601    297.444    35.1493  1028.8865  0.000e+00
     7.0644   3.561601    297.595    35.1502  1028.8881  0.000e+00
     7.0642   3.561563    297.623    35.1500  1028.8881  0.000e+00
     7.0631   3.561463    297.684    35.1500  1028.8885  0.000e+00
     7.0629   3.561335    297.713    35.1487  1028.8877  0.000e+00
     7.0624   3.561359    297.835    35.1494  1028.8889  0.000e+00
     7.0626   3.561380    297.924    35.1495  1028.8893  0.000e+00
     7.0624   3.561342    297.924    35.1492  1028.8891  0.000e+00
     7.0618   3.561242    298.014    35.1487  1028.8892  0.000e+00
     7.0616   3.561197    298.132    35.1483  1028.8895  0.000e+00
     7.0613   3.561204    298.132    35.1487  1028.8899  0.000e+00
     7.0608   3.561253    298.254    35.1497  1028.8912  0.000e+00
     7.0609   3.561270    298.283    35.1497  1028.8914  0.000e+00
     7.0606   3.561208    298.405    35.1493  1028.8916  0.000e+00
     7.0598   3.561101    298.462    35.1489  1028.8917  0.000e+00
     7.0595   3.561059    298.523    35.1488  1028.8919  0.000e+00
     7.0593   3.561066    298.584    35.1490  1028.8924  0.000e+00
     7.0593   3.561073    298.653    35.1491  1028.8928  0.000e+00
     7.0585   3.560997    298.735    35.1490  1028.8932  0.000e+00
     7.0572   3.560821    298.763    35.1484  1028.8931  0.000e+00
     7.0557   3.560708    298.881    35.1486  1028.8939  0.000e+00
     7.0546   3.560632    298.914    35.1489  1028.8945  0.000e+00
     7.0537   3.560607    299.032    35.1494  1028.8956  0.000e+00
     7.0528   3.560500    299.093    35.1492  1028.8958  0.000e+00
     7.0521   3.560307    299.093    35.1477  1028.8948  0.000e+00
     7.0512   3.560224    299.211    35.1477  1028.8955  0.000e+00
     7.0501   3.560193    299.272    35.1484  1028.8964  0.000e+00
     7.0500   3.560235    299.362    35.1490  1028.8973  0.000e+00
     7.0502   3.560245    299.423    35.1489  1028.8975  0.000e+00
     7.0506   3.560200    299.480    35.1479  1028.8969  0.000e+00
     7.0497   3.560194    299.541    35.1487  1028.8980  0.000e+00
     7.0505   3.560269    299.610    35.1488  1028.8982  0.000e+00
     7.0506   3.560297    299.720    35.1488  1028.8987  0.000e+00
     7.0503   3.560256    299.720    35.1487  1028.8986  0.000e+00
     7.0500   3.560149    299.843    35.1478  1028.8986  0.000e+00
     7.0490   3.560025    299.900    35.1474  1028.8987  0.000e+00
     7.0479   3.560014    299.961    35.1484  1028.8999  0.000e+00
     7.0477   3.560049    300.022    35.1489  1028.9006  0.000e+00
     7.0471   3.559949    300.111    35.1484  1028.9007  0.000e+00
     7.0452   3.559683    300.172    35.1474  1028.9004  0.000e+00
     7.0437   3.559552    300.209    35.1474  1028.9008  0.000e+00
     7.0425   3.559562    300.319    35.1487  1028.9026  0.000e+00
     7.0423   3.559555    300.380    35.1489  1028.9030  0.000e+00
     7.0423   3.559569    300.441    35.1490  1028.9033  0.000e+00
     7.0422   3.559483    300.502    35.1481  1028.9029  0.000e+00
     7.0411   3.559297    300.592    35.1471  1028.9027  0.000e+00
     7.0403   3.559204    300.620    35.1469  1028.9028  0.000e+00
     7.0390   3.559107    300.681    35.1471  1028.9035  0.000e+00
     7.0373   3.558986    300.751    35.1475  1028.9043  0.000e+00
     7.0357   3.558817    300.828    35.1472  1028.9047  0.000e+00
     7.0343   3.558710    300.889    35.1475  1028.9054  0.000e+00
     7.0337   3.558648    300.950    35.1473  1028.9056  0.000e+00
     7.0338   3.558645    301.011    35.1472  1028.9058  0.000e+00
     7.0326   3.558638    301.011    35.1483  1028.9068  0.000e+00
     7.0329   3.558572    301.101    35.1472  1028.9063  0.000e+00
     7.0321   3.558448    301.109    35.1467  1028.9061  0.000e+00
     7.0312   3.558383    301.129    35.1469  1028.9065  0.000e+00
     7.0306   3.558403    301.219    35.1476  1028.9075  0.000e+00
     7.0306   3.558455    301.248    35.1482  1028.9081  0.000e+00
     7.0311   3.558427    301.337    35.1474  1028.9078  0.000e+00
     7.0313   3.558372    301.398    35.1465  1028.9074  0.000e+00
     7.0303   3.558100    301.439    35.1445  1028.9061  0.000e+00
     7.0267   3.557755    301.488    35.1443  1028.9068  0.000e+00
     7.0220   3.557251    301.577    35.1436  1028.9073  0.000e+00
     7.0159   3.556616    301.610    35.1428  1028.9077  0.000e+00
     7.0104   3.556054    301.667    35.1422  1028.9083  0.000e+00
     7.0045   3.555609    301.789    35.1433  1028.9105  0.000e+00
     7.0001   3.555361    301.769    35.1450  1028.9125  0.000e+00
     6.9973   3.555251    301.879    35.1466  1028.9146  0.000e+00
     6.9961   3.555102    301.940    35.1461  1028.9147  0.000e+00
     6.9955   3.555002    301.968    35.1457  1028.9146  0.000e+00
     6.9948   3.554961    302.058    35.1458  1028.9152  0.000e+00
     6.9942   3.554954    302.127    35.1464  1028.9160  0.000e+00
     6.9943   3.554975    302.176    35.1464  1028.9163  0.000e+00
     6.9940   3.554940    302.209    35.1464  1028.9164  0.000e+00
     6.9940   3.554865    302.298    35.1455  1028.9161  0.000e+00
     6.9935   3.554840    302.359    35.1457  1028.9166  0.000e+00
     6.9935   3.554882    302.457    35.1461  1028.9174  0.000e+00
     6.9934   3.554878    302.506    35.1462  1028.9177  0.000e+00
     6.9930   3.554827    302.539    35.1459  1028.9177  0.000e+00
     6.9932   3.554751    302.628    35.1449  1028.9173  0.000e+00
     6.9929   3.554751    302.718    35.1452  1028.9180  0.000e+00
     6.9929   3.554799    302.755    35.1457  1028.9186  0.000e+00
     6.9925   3.554834    302.807    35.1464  1028.9194  0.000e+00
     6.9925   3.554820    302.897    35.1462  1028.9196  0.000e+00
     6.9924   3.554772    302.987    35.1458  1028.9197  0.000e+00
     6.9925   3.554737    303.015    35.1452  1028.9194  0.000e+00
     6.9924   3.554727    303.084    35.1452  1028.9198  0.000e+00
     6.9922   3.554730    303.166    35.1454  1028.9203  0.000e+00
     6.9912   3.554710    303.227    35.1461  1028.9213  0.000e+00
     6.9909   3.554661    303.317    35.1459  1028.9215  0.000e+00
     6.9905   3.554627    303.386    35.1459  1028.9219  0.000e+00
     6.9908   3.554599    303.435    35.1453  1028.9217  0.000e+00
     6.9904   3.554572    303.496    35.1453  1028.9220  0.000e+00
     6.9906   3.554586    303.618    35.1452  1028.9225  0.000e+00
     6.9899   3.554551    303.655    35.1455  1028.9229  0.000e+00
     6.9901   3.554517    303.736    35.1449  1028.9228  0.000e+00
     6.9901   3.554469    303.797    35.1444  1028.9227  0.000e+00
     6.9898   3.554517    303.854    35.1452  1028.9236  0.000e+00
     6.9891   3.554496    303.895    35.1456  1028.9242  0.000e+00
     6.9886   3.554462    304.005    35.1457  1028.9249  0.000e+00
     6.9886   3.554372    304.066    35.1447  1028.9243  0.000e+00
     6.9880   3.554344    304.131    35.1450  1028.9250  0.000e+00
     6.9883   3.554345    304.156    35.1446  1028.9248  0.000e+00
     6.9876   3.554303    304.274    35.1448  1028.9255  0.000e+00
     6.9872   3.554269    304.306    35.1449  1028.9258  0.000e+00
     6.9862   3.554158    304.404    35.1447  1028.9262  0.000e+00
     6.9858   3.554103    304.486    35.1443  1028.9264  0.000e+00
     6.9857   3.554158    304.514    35.1451  1028.9271  0.000e+00
     6.9854   3.554158    304.612    35.1454  1028.9279  0.000e+00
     6.9853   3.554110    304.665    35.1449  1028.9277  0.000e+00
     6.9852   3.554034    304.726    35.1441  1028.9274  0.000e+00
     6.9852   3.553972    304.816    35.1434  1028.9273  0.000e+00
     6.9850   3.554041    304.852    35.1443  1028.9282  0.000e+00
     6.9849   3.554110    304.966    35.1452  1028.9294  0.000e+00
     6.9845   3.554083    304.995    35.1452  1028.9296  0.000e+00
     6.9841   3.554048    305.060    35.1453  1028.9300  0.000e+00
     6.9839   3.553979    305.174    35.1446  1028.9301  0.000e+00
     6.9841   3.553979    305.207    35.1444  1028.9300  0.000e+00
     6.9841   3.554007    305.300    35.1447  1028.9306  0.000e+00
     6.9839   3.554035    305.353    35.1452  1028.9313  0.000e+00
     6.9837   3.553979    305.443    35.1447  1028.9313  0.000e+00
     6.9838   3.553897    305.480    35.1436  1028.9307  0.000e+00
     6.9832   3.553897    305.626    35.1442  1028.9318  0.000e+00
     6.9821   3.553904    305.626    35.1454  1028.9330  0.000e+00
     6.9824   3.553883    305.720    35.1448  1028.9329  0.000e+00
     6.9809   3.553690    305.805    35.1441  1028.9330  0.000e+00
     6.9791   3.553438    305.834    35.1432  1028.9326  0.000e+00
