inst/extdata/faroe/Faroe2.cnv
* Sea-Bird SBE 9 Raw Data File:
* FileName = C:\CTDDATA\9568D008.DAT
* Software Version 4.211
* Temperature SN = 1764
* Conductivity SN = 1535
* Number of Bytes Per Scan = 24
* Number of Voltage Words = 2
* System UpLoad Time = Nov 10 1995 14:42:03
# nquan = 6
# nvalues = 15225                                 
# units = specified
# name 0 = t090C: Temperature [ITS-90, deg C]
# name 1 = c0S/m: Conductivity [S/m]
# name 2 = prDM: Pressure, Digiquartz [db]
# name 3 = sal00: Salinity, Practical [PSU]
# name 4 = density00: Density [density, kg/m^3]
# name 5 = flag:  0.000e+00
# span 0 =    -0.4631,     8.3165                 
# span 1 =   2.887419,   3.666369                 
# span 2 =      0.688,    790.954                 
# span 3 =    34.8645,    35.1814                 
# span 4 =  1027.3115,  1031.7790                 
# span 5 = 0.0000e+00, 0.0000e+00                 
# interval = seconds: 0.0416667
# start_time = Nov 10 1995 14:42:03 [System UpLoad Time]
# bad_flag = -9.990e-29
*END*
[from data line 1433]
     8.3016   3.659455      9.024    35.1044  1027.3511  0.000e+00
     8.3016   3.659518      9.040    35.1050  1027.3517  0.000e+00
     8.3010   3.659542      9.080    35.1058  1027.3526  0.000e+00
     8.3009   3.659437      9.096    35.1048  1027.3519  0.000e+00
     8.3006   3.659399      9.129    35.1047  1027.3520  0.000e+00
     8.3005   3.659357      9.201    35.1043  1027.3520  0.000e+00
     8.2997   3.659343      9.185    35.1049  1027.3525  0.000e+00
     8.2992   3.659343      9.230    35.1054  1027.3532  0.000e+00
     8.2989   3.659322      9.274    35.1055  1027.3535  0.000e+00
     8.2991   3.659294      9.286    35.1050  1027.3532  0.000e+00
     8.2992   3.659284      9.334    35.1047  1027.3531  0.000e+00
     8.2992   3.659346      9.363    35.1054  1027.3538  0.000e+00
     8.2991   3.659455      9.407    35.1066  1027.3550  0.000e+00
     8.2991   3.659420      9.423    35.1063  1027.3548  0.000e+00
     8.2997   3.659378      9.435    35.1052  1027.3539  0.000e+00
     8.2994   3.659308      9.480    35.1047  1027.3538  0.000e+00
     8.2996   3.659367      9.524    35.1052  1027.3543  0.000e+00
     8.2995   3.659420      9.540    35.1058  1027.3549  0.000e+00
     8.2992   3.659406      9.568    35.1059  1027.3551  0.000e+00
     8.2997   3.659399      9.580    35.1053  1027.3547  0.000e+00
     8.2997   3.659378      9.629    35.1051  1027.3547  0.000e+00
     8.2996   3.659371      9.641    35.1051  1027.3548  0.000e+00
     8.2999   3.659434      9.685    35.1055  1027.3553  0.000e+00
     8.3000   3.659434      9.701    35.1053  1027.3552  0.000e+00
     8.3004   3.659427      9.717    35.1049  1027.3549  0.000e+00
     8.2997   3.659406      9.730    35.1053  1027.3553  0.000e+00
     8.3007   3.659441      9.774    35.1047  1027.3549  0.000e+00
     8.3004   3.659476      9.758    35.1054  1027.3554  0.000e+00
     8.3009   3.659504      9.802    35.1052  1027.3554  0.000e+00
     8.3012   3.659493      9.834    35.1048  1027.3552  0.000e+00
     8.3014   3.659424      9.847    35.1038  1027.3544  0.000e+00
     8.3007   3.659420      9.891    35.1044  1027.3552  0.000e+00
     8.3004   3.659448      9.875    35.1051  1027.3557  0.000e+00
     8.3002   3.659476      9.923    35.1055  1027.3563  0.000e+00
     8.3007   3.659483      9.935    35.1051  1027.3559  0.000e+00
     8.3009   3.659483      9.951    35.1049  1027.3558  0.000e+00
     8.3017   3.659525      9.992    35.1045  1027.3556  0.000e+00
     8.3022   3.659584     10.012    35.1046  1027.3557  0.000e+00
     8.3022   3.659619      9.992    35.1050  1027.3559  0.000e+00
     8.3027   3.659605     10.012    35.1043  1027.3554  0.000e+00
     8.3020   3.659535     10.068    35.1043  1027.3557  0.000e+00
     8.3020   3.659553     10.052    35.1044  1027.3558  0.000e+00
     8.3017   3.659591     10.097    35.1051  1027.3566  0.000e+00
     8.3018   3.659598     10.080    35.1051  1027.3564  0.000e+00
     8.3016   3.659577     10.157    35.1051  1027.3569  0.000e+00
     8.3016   3.659528     10.141    35.1046  1027.3564  0.000e+00
     8.3017   3.659553     10.157    35.1047  1027.3565  0.000e+00
     8.3019   3.659612     10.169    35.1052  1027.3569  0.000e+00
     8.3017   3.659647     10.185    35.1057  1027.3574  0.000e+00
     8.3022   3.659612     10.258    35.1048  1027.3570  0.000e+00
     8.3020   3.659535     10.217    35.1041  1027.3563  0.000e+00
     8.3018   3.659532     10.258    35.1043  1027.3566  0.000e+00
     8.3017   3.659605     10.274    35.1052  1027.3574  0.000e+00
     8.3012   3.659626     10.286    35.1059  1027.3581  0.000e+00
     8.3009   3.659584     10.334    35.1058  1027.3583  0.000e+00
     8.3002   3.659487     10.347    35.1054  1027.3581  0.000e+00
     8.3001   3.659413     10.363    35.1047  1027.3577  0.000e+00
     8.3002   3.659420     10.391    35.1047  1027.3578  0.000e+00
     8.3001   3.659448     10.435    35.1051  1027.3583  0.000e+00
     8.2999   3.659497     10.423    35.1058  1027.3589  0.000e+00
     8.3000   3.659469     10.464    35.1053  1027.3587  0.000e+00
     8.3001   3.659413     10.480    35.1047  1027.3582  0.000e+00
     8.2999   3.659420     10.492    35.1049  1027.3585  0.000e+00
     8.2995   3.659406     10.540    35.1051  1027.3589  0.000e+00
     8.2987   3.659399     10.552    35.1058  1027.3597  0.000e+00
     8.2986   3.659294     10.568    35.1049  1027.3590  0.000e+00
     8.2984   3.659214     10.613    35.1042  1027.3587  0.000e+00
     8.2982   3.659242     10.629    35.1046  1027.3591  0.000e+00
     8.2981   3.659298     10.669    35.1053  1027.3599  0.000e+00
     8.2981   3.659336     10.685    35.1058  1027.3603  0.000e+00
     8.2978   3.659281     10.697    35.1055  1027.3602  0.000e+00
     8.2974   3.659235     10.718    35.1053  1027.3602  0.000e+00
     8.2979   3.659228     10.786    35.1047  1027.3600  0.000e+00
     8.2976   3.659270     10.774    35.1055  1027.3606  0.000e+00
     8.2979   3.659326     10.818    35.1057  1027.3609  0.000e+00
     8.2979   3.659281     10.891    35.1052  1027.3609  0.000e+00
     8.2974   3.659172     10.875    35.1046  1027.3603  0.000e+00
     8.2978   3.659186     10.951    35.1043  1027.3605  0.000e+00
     8.2976   3.659263     10.992    35.1053  1027.3614  0.000e+00
     8.2976   3.659326     11.012    35.1060  1027.3620  0.000e+00
     8.2976   3.659281     11.052    35.1055  1027.3618  0.000e+00
     8.2977   3.659235     11.097    35.1048  1027.3615  0.000e+00
     8.2976   3.659249     11.141    35.1051  1027.3619  0.000e+00
     8.2981   3.659319     11.129    35.1053  1027.3620  0.000e+00
     8.2979   3.659323     11.198    35.1055  1027.3625  0.000e+00
     8.2981   3.659358     11.246    35.1057  1027.3628  0.000e+00
     8.2979   3.659330     11.286    35.1056  1027.3629  0.000e+00
     8.2989   3.659337     11.306    35.1047  1027.3622  0.000e+00
     8.2989   3.659386     11.314    35.1051  1027.3626  0.000e+00
     8.2996   3.659504     11.423    35.1057  1027.3634  0.000e+00
     8.2992   3.659501     11.403    35.1060  1027.3636  0.000e+00
     8.2994   3.659421     11.512    35.1049  1027.3632  0.000e+00
     8.2991   3.659337     11.524    35.1043  1027.3629  0.000e+00
     8.2995   3.659379     11.569    35.1043  1027.3630  0.000e+00
     8.2991   3.659463     11.609    35.1056  1027.3643  0.000e+00
     8.2986   3.659442     11.657    35.1059  1027.3648  0.000e+00
     8.2989   3.659386     11.698    35.1050  1027.3642  0.000e+00
     8.2992   3.659351     11.730    35.1042  1027.3637  0.000e+00
     8.2989   3.659365     11.774    35.1047  1027.3643  0.000e+00
     8.2989   3.659435     11.847    35.1054  1027.3652  0.000e+00
     8.2987   3.659435     11.863    35.1056  1027.3654  0.000e+00
     8.2989   3.659386     11.936    35.1048  1027.3652  0.000e+00
     8.2994   3.659393     11.980    35.1044  1027.3650  0.000e+00
     8.2999   3.659442     12.020    35.1044  1027.3651  0.000e+00
     8.2996   3.659561     12.069    35.1060  1027.3666  0.000e+00
     8.2995   3.659557     12.109    35.1060  1027.3667  0.000e+00
     8.2992   3.659501     12.129    35.1056  1027.3666  0.000e+00
     8.2999   3.659484     12.230    35.1048  1027.3663  0.000e+00
     8.3005   3.659526     12.258    35.1046  1027.3662  0.000e+00
     8.3001   3.659648     12.307    35.1063  1027.3678  0.000e+00
     8.3002   3.659641     12.347    35.1060  1027.3678  0.000e+00
     8.3005   3.659606     12.395    35.1054  1027.3674  0.000e+00
     8.3001   3.659536     12.436    35.1050  1027.3674  0.000e+00
     8.3002   3.659533     12.480    35.1048  1027.3674  0.000e+00
     8.3002   3.659627     12.520    35.1058  1027.3684  0.000e+00
     8.3007   3.659697     12.569    35.1060  1027.3687  0.000e+00
     8.3006   3.659564     12.641    35.1047  1027.3680  0.000e+00
     8.3002   3.659512     12.641    35.1045  1027.3679  0.000e+00
     8.2999   3.659533     12.718    35.1050  1027.3687  0.000e+00
     8.3002   3.659606     12.726    35.1055  1027.3691  0.000e+00
     8.3004   3.659585     12.746    35.1051  1027.3688  0.000e+00
     8.2997   3.659550     12.787    35.1054  1027.3693  0.000e+00
     8.2997   3.659459     12.863    35.1043  1027.3689  0.000e+00
     8.2994   3.659428     12.904    35.1044  1027.3691  0.000e+00
     8.2992   3.659470     12.903    35.1049  1027.3696  0.000e+00
     8.2992   3.659505     12.952    35.1053  1027.3701  0.000e+00
     8.2990   3.659533     12.964    35.1058  1027.3706  0.000e+00
     8.2989   3.659480     13.012    35.1053  1027.3705  0.000e+00
     8.2994   3.659456     13.020    35.1046  1027.3698  0.000e+00
     8.2995   3.659561     13.081    35.1055  1027.3708  0.000e+00
     8.2996   3.659578     13.069    35.1057  1027.3709  0.000e+00
     8.2999   3.659571     13.141    35.1052  1027.3708  0.000e+00
     8.2990   3.659488     13.129    35.1052  1027.3709  0.000e+00
     8.2989   3.659456     13.141    35.1050  1027.3708  0.000e+00
     8.2991   3.659519     13.158    35.1055  1027.3712  0.000e+00
     8.2989   3.659585     13.258    35.1064  1027.3724  0.000e+00
     8.2999   3.659620     13.198    35.1057  1027.3715  0.000e+00
     8.2997   3.659543     13.275    35.1050  1027.3713  0.000e+00
     8.3002   3.659512     13.287    35.1042  1027.3706  0.000e+00
     8.2999   3.659554     13.307    35.1050  1027.3714  0.000e+00
     8.3001   3.659634     13.347    35.1056  1027.3720  0.000e+00
     8.3000   3.659634     13.315    35.1057  1027.3720  0.000e+00
     8.2997   3.659543     13.363    35.1050  1027.3717  0.000e+00
     8.2997   3.659470     13.375    35.1042  1027.3711  0.000e+00
     8.2995   3.659498     13.396    35.1047  1027.3716  0.000e+00
     8.2996   3.659554     13.432    35.1052  1027.3722  0.000e+00
     8.2994   3.659592     13.432    35.1058  1027.3727  0.000e+00
     8.2997   3.659495     13.480    35.1044  1027.3717  0.000e+00
     8.2991   3.659414     13.464    35.1042  1027.3716  0.000e+00
     8.2995   3.659484     13.452    35.1045  1027.3717  0.000e+00
     8.2991   3.659554     13.521    35.1057  1027.3730  0.000e+00
     8.2997   3.659676     13.521    35.1063  1027.3734  0.000e+00
     8.3000   3.659606     13.512    35.1053  1027.3725  0.000e+00
     8.2997   3.659530     13.581    35.1047  1027.3725  0.000e+00
     8.3001   3.659533     13.569    35.1044  1027.3721  0.000e+00
     8.2999   3.659627     13.581    35.1057  1027.3732  0.000e+00
     8.3004   3.659655     13.609    35.1054  1027.3730  0.000e+00
     8.3002   3.659613     13.629    35.1051  1027.3729  0.000e+00
     8.3004   3.659537     13.609    35.1042  1027.3720  0.000e+00
     8.3002   3.659512     13.690    35.1040  1027.3723  0.000e+00
     8.3004   3.659533     13.641    35.1041  1027.3721  0.000e+00
     8.3000   3.659648     13.698    35.1057  1027.3737  0.000e+00
     8.3001   3.659662     13.746    35.1057  1027.3739  0.000e+00
     8.3004   3.659593     13.698    35.1047  1027.3729  0.000e+00
     8.3007   3.659614     13.726    35.1046  1027.3729  0.000e+00
     8.3009   3.659690     13.775    35.1052  1027.3735  0.000e+00
     8.3012   3.659795     13.758    35.1060  1027.3740  0.000e+00
     8.3015   3.659848     13.807    35.1063  1027.3744  0.000e+00
     8.3020   3.659792     13.815    35.1051  1027.3735  0.000e+00
     8.3020   3.659750     13.875    35.1046  1027.3734  0.000e+00
     8.3025   3.659844     13.863    35.1052  1027.3737  0.000e+00
     8.3022   3.659904     13.875    35.1061  1027.3745  0.000e+00
     8.3025   3.659890     13.896    35.1057  1027.3742  0.000e+00
     8.3024   3.659862     13.904    35.1055  1027.3741  0.000e+00
     8.3024   3.659813     13.932    35.1050  1027.3738  0.000e+00
     8.3027   3.659862     13.952    35.1052  1027.3740  0.000e+00
     8.3027   3.659904     13.992    35.1056  1027.3745  0.000e+00
     8.3030   3.659911     14.053    35.1053  1027.3745  0.000e+00
     8.3028   3.659848     14.013    35.1048  1027.3740  0.000e+00
     8.3030   3.659827     14.081    35.1044  1027.3739  0.000e+00
     8.3025   3.659869     14.101    35.1053  1027.3748  0.000e+00
     8.3030   3.659925     14.109    35.1054  1027.3749  0.000e+00
     8.3027   3.659960     14.170    35.1061  1027.3757  0.000e+00
     8.3029   3.659904     14.218    35.1053  1027.3753  0.000e+00
     8.3028   3.659862     14.226    35.1049  1027.3750  0.000e+00
     8.3030   3.659897     14.226    35.1050  1027.3751  0.000e+00
     8.3032   3.659932     14.279    35.1053  1027.3755  0.000e+00
     8.3032   3.659960     14.347    35.1055  1027.3760  0.000e+00
     8.3032   3.659946     14.363    35.1053  1027.3760  0.000e+00
     8.3035   3.659918     14.404    35.1047  1027.3756  0.000e+00
     8.3029   3.659974     14.404    35.1060  1027.3767  0.000e+00
     8.3037   3.660040     14.424    35.1058  1027.3765  0.000e+00
     8.3033   3.660054     14.521    35.1063  1027.3774  0.000e+00
     8.3040   3.659991     14.553    35.1049  1027.3763  0.000e+00
     8.3035   3.659946     14.601    35.1049  1027.3767  0.000e+00
     8.3035   3.659897     14.609    35.1044  1027.3763  0.000e+00
     8.3035   3.660009     14.638    35.1055  1027.3773  0.000e+00
     8.3036   3.660033     14.718    35.1057  1027.3778  0.000e+00
     8.3037   3.659984     14.726    35.1051  1027.3773  0.000e+00
     8.3035   3.659946     14.759    35.1048  1027.3773  0.000e+00
     8.3035   3.659876     14.835    35.1041  1027.3771  0.000e+00
     8.3034   3.659897     14.815    35.1044  1027.3773  0.000e+00
     8.3035   3.659932     14.904    35.1046  1027.3778  0.000e+00
     8.3032   3.659960     14.924    35.1053  1027.3785  0.000e+00
     8.3034   3.659925     14.993    35.1047  1027.3783  0.000e+00
     8.3036   3.659953     15.021    35.1046  1027.3783  0.000e+00
     8.3034   3.660009     15.102    35.1055  1027.3794  0.000e+00
     8.3034   3.660047     15.081    35.1059  1027.3797  0.000e+00
     8.3033   3.659991     15.138    35.1053  1027.3794  0.000e+00
     8.3035   3.659904     15.190    35.1042  1027.3787  0.000e+00
     8.3029   3.659862     15.259    35.1043  1027.3793  0.000e+00
     8.3028   3.659918     15.259    35.1050  1027.3798  0.000e+00
     8.3030   3.659939     15.335    35.1050  1027.3801  0.000e+00
     8.3027   3.659981     15.376    35.1057  1027.3809  0.000e+00
     8.3025   3.659936     15.465    35.1054  1027.3811  0.000e+00
     8.3027   3.659890     15.485    35.1047  1027.3806  0.000e+00
     8.3027   3.659883     15.521    35.1046  1027.3808  0.000e+00
     8.3027   3.659946     15.553    35.1053  1027.3814  0.000e+00
     8.3029   3.660009     15.602    35.1057  1027.3820  0.000e+00
     8.3028   3.659964     15.670    35.1053  1027.3819  0.000e+00
     8.3027   3.659939     15.698    35.1051  1027.3819  0.000e+00
     8.3029   3.659939     15.747    35.1049  1027.3820  0.000e+00
     8.3028   3.660002     15.815    35.1056  1027.3828  0.000e+00
     8.3027   3.660006     15.815    35.1058  1027.3830  0.000e+00
     8.3027   3.659936     15.904    35.1050  1027.3828  0.000e+00
     8.3027   3.659869     15.953    35.1043  1027.3825  0.000e+00
     8.3027   3.659918     15.965    35.1048  1027.3829  0.000e+00
     8.3025   3.659981     16.021    35.1056  1027.3838  0.000e+00
     8.3024   3.659999     16.074    35.1059  1027.3843  0.000e+00
     8.3027   3.659936     16.082    35.1049  1027.3835  0.000e+00
     8.3025   3.659890     16.170    35.1046  1027.3837  0.000e+00
     8.3029   3.659967     16.191    35.1050  1027.3841  0.000e+00
     8.3029   3.660020     16.227    35.1056  1027.3847  0.000e+00
     8.3030   3.660048     16.287    35.1057  1027.3850  0.000e+00
     8.3030   3.659992     16.287    35.1051  1027.3845  0.000e+00
     8.3030   3.659946     16.336    35.1045  1027.3843  0.000e+00
     8.3030   3.659981     16.376    35.1049  1027.3848  0.000e+00
     8.3030   3.660062     16.404    35.1057  1027.3856  0.000e+00
